86,43	3
5,36	2
16,58	2
66,47	1
20,37	2
89,27	1
56,68	3
21,42	2
96,22	1
72,80	3
99,10	1
20,74	2
59,19	1
70,23	1
81,86	3
53,14	1
72,60	3
2,80	2
10,77	2
81,76	3
44,86	3
3,58	2
7,32	2
89,6	1
61,50	3
31,74	2
96,47	3
100,60	3
96,66	3
0,82	2
17,1	1
2,43	2
8,80	2
15,62	2
81,28	1
45,78	3
48,42	1
61,82	3
24,33	2
23,39	2
37,20	1
99,54	3
5,76	2
45,74	3
87,75	3
61,36	1
46,94	3
58,74	3
73,93	3
37,53	2
41,25	1
88,98	3
79,43	1
19,44	2
60,68	3
93,46	3
76,94	3
20,47	2
17,70	2
55,22	1
12,43	2
100,87	3
5,42	2
54,67	3
13,93	2
61,37	1
99,52	3
6,18	2
23,15	1
93,47	3
70,12	1
49,40	1
42,82	3
85,74	3
93,3	1
2,44	2
39,29	1
29,60	2
13,68	2
62,69	3
37,17	1
83,33	1
7,86	2
80,99	3
7,83	2
74,35	1
75,7	1
41,57	2
20,97	2
57,93	3
23,95	2
57,74	3
37,78	2
55,98	3
34,30	1
23,38	2
38,31	1
43,54	2
39,54	2
6,73	2
