328862,6,1,323294,833,2882,2661,0829,0
328862,6,1,844400,1271,2882,2661,0829,0
328862,6,1,575153,1271,2882,2661,0829,0
328862,6,1,996875,1271,2882,2661,0829,0
328862,6,1,1086186,1271,1253,1049,0829,0
328862,6,1,623866,1271,2882,2661,0829,0
328862,6,1,542871,1467,2882,2661,0829,0
328862,6,1,536347,1095,883,1647,0829,0
328862,6,1,364513,1271,2882,2661,0829,0
328862,6,1,575153,1271,2882,2661,0829,0
328862,6,1,239288,602,420,4953,0801,0
328862,6,1,950862,962,4605,7622,0801,0
328862,6,1,262500,602,420,4953,0801,0
328862,6,1,1064265,614,4605,7622,0801,0
328862,6,1,809148,602,420,4953,0801,0
328862,6,1,197239,602,420,4953,0801,0
328862,6,1,43367,1505,3828,1446,0526,0
328862,6,1,844535,302,3354,883,0526,0
328862,6,1,886633,1505,3828,1446,0526,0
328862,6,1,81766,614,4605,7622,0709,2
328862,6,1,524981,664,2382,1272,0602,0
328862,6,1,81766,614,4605,7622,0709,0
328862,6,1,208525,267,3073,8126,0805,0
328862,6,1,853901,267,3073,8126,0805,2
328862,6,1,1102596,267,3073,8126,0805,2
328862,6,1,963870,267,3073,8126,0805,2
328862,6,1,813647,267,3073,8126,0805,2
328862,6,1,208525,267,3073,8126,0805,2
328862,6,1,943106,662,3354,883,0526,0
328862,6,1,950862,962,4605,7622,0709,0
328862,6,1,943106,662,3354,883,0526,0
328862,6,1,1037824,662,4094,7749,0531,0
328862,6,1,339997,1432,323,320,0531,0
328862,6,1,706479,1505,780,516,0921,0
328862,6,1,544690,1095,780,516,0921,0
328862,6,1,81766,614,4605,7622,0801,2
328862,6,1,1064265,614,4605,7622,0801,0
328862,6,1,237512,154,883,1647,0829,0
328862,6,1,65116,614,4605,7622,0709,0
328862,6,1,261334,602,420,4953,0801,0
328862,6,1,815434,602,420,4953,0801,0
328862,6,1,467266,821,3354,883,0526,0
328862,6,1,30217,1397,3354,883,0526,0
328862,6,1,142866,1238,3828,1446,0526,0
328862,6,1,542129,602,420,4953,0801,0
328862,6,1,1089499,154,883,1647,0829,0
328862,6,1,19195,602,420,4953,0801,0
328862,6,1,81766,614,4605,7622,0709,0
328862,6,1,81766,614,4605,7622,0709,0
328862,6,1,81766,614,4605,7622,0709,0
328862,6,1,1064265,614,4605,7622,0709,0
328862,6,1,93242,1505,780,516,0921,0
328862,6,1,605963,1467,4432,1209,0921,0
328862,6,1,402928,602,420,4953,0801,0
328862,6,1,589922,1095,780,516,0921,0
328862,6,1,267067,1208,1200,2276,0908,0
328862,6,1,313424,614,4043,7178,1013,0
328862,6,1,697491,662,3828,1446,0526,0
328862,6,1,1113102,1505,3828,1446,0526,0
328862,6,1,452003,1505,3828,1446,0526,0
328862,6,1,698158,1505,3828,1446,0526,0
328862,6,1,81766,614,4605,7622,0801,0
328862,6,1,313424,614,4043,7178,1013,0
328862,6,1,218471,302,3828,1446,0526,0
328862,6,1,81766,614,4605,7622,0801,0
328862,6,1,751744,602,420,4953,0801,0
328862,6,1,440930,1271,2882,2661,0829,0
328862,6,1,575153,1271,2882,2661,0829,3
328862,6,1,623866,1271,2882,2661,0829,3
328862,6,1,880162,1271,2882,2661,0829,0
328862,6,1,1021873,1271,2882,2661,0829,0
328862,6,1,1091221,1271,591,418,0829,0
328862,6,1,1110047,1271,2882,2661,0829,0
328862,6,1,418334,1271,2882,2661,0829,0
328862,6,1,547309,1467,1253,7907,0829,0
328862,6,1,575153,1271,2882,2661,0829,0
328862,6,1,291985,656,2882,2661,0829,0
328862,6,1,582564,1271,2882,2661,0829,0
328862,6,1,985405,656,2882,2661,0829,0
328862,6,1,216494,1271,2882,2661,0829,0
328862,6,1,364513,1271,2882,2661,0829,0
328862,6,1,328577,1095,883,1647,0829,0
328862,6,1,845130,1467,2882,2661,0829,0
328862,6,1,351462,1553,3925,2031,0829,0
328862,6,1,22064,1271,2882,2661,0829,0
328862,6,1,439895,1467,1253,328,0829,0
328862,6,1,1047122,1271,2882,2661,0829,0
328862,6,1,315621,1271,1253,7907,0829,0
328862,6,1,216494,1271,2882,2661,0829,0
328862,6,1,709455,1271,2882,2661,0829,0
328862,6,1,832524,1467,2882,2661,0829,0
328862,6,1,447269,154,883,1647,0829,0
328862,6,1,702304,821,1138,4104,0823,0
328862,6,1,336583,662,4924,856,0615,0
328862,6,1,577161,662,4094,7749,0615,0
328862,6,1,42828,1397,3354,883,0615,0
328862,6,1,157010,1095,883,1647,0615,0
328862,6,1,484676,267,3073,8126,1002,2
328862,6,1,1024236,1577,1138,4104,1002,0
328862,6,1,99493,387,1138,4104,1002,0
328862,6,1,251929,1438,639,1565,1002,0
328862,6,1,484676,267,3073,8126,1002,0
328862,6,1,251929,1438,639,1565,1002,2
328862,6,1,484676,267,3073,8126,1002,2
328862,6,1,251929,1438,639,1565,1002,2
328862,6,1,484676,267,3073,8126,1002,2
328862,6,1,484676,267,3073,8126,1002,2
328862,6,1,484676,267,3073,8126,1002,2
328862,6,1,267067,1208,1200,2276,0906,0
328862,6,1,267067,1208,1200,2276,0906,2
328862,6,1,267067,1208,1200,2276,0906,0
328862,6,1,267067,1208,1200,2276,0906,2
328862,6,1,499898,614,4605,7622,0711,0
328862,6,1,1068751,56,4488,5625,0520,0
328862,6,1,73839,1505,2720,1005,0619,0
328862,6,1,609965,1118,167,6065,0723,0
328862,6,1,428643,662,461,1859,0727,3
328862,6,1,197818,662,461,1859,0727,0
328862,6,1,834814,662,461,1859,0727,0
328862,6,1,169025,1577,3828,1446,0620,0
328862,6,1,359016,1271,4438,2427,0620,0
328862,6,1,43421,833,3719,4771,0619,0
328862,6,1,169025,1577,3828,1446,0619,2
328862,6,1,712703,1238,3828,1446,0619,0
328862,6,1,169025,1577,3828,1446,0619,0
328862,6,1,488385,833,1692,2235,0619,0
328862,6,1,842597,1553,1138,4104,1102,0
328862,6,1,217103,389,1138,4104,1102,0
328862,6,1,431009,1577,3828,1446,1102,0
328862,6,1,161758,748,1138,4104,1102,0
328862,6,1,258882,1142,1138,4104,1102,0
328862,6,1,156988,1095,1138,4104,1102,0
328862,6,1,352135,662,461,1859,0727,0
328862,6,1,244223,662,461,1859,0727,0
328862,6,1,202407,662,461,1859,0727,0
328862,6,1,1026544,1467,437,801,0727,0
328862,6,1,202407,662,461,1859,0727,0
328862,6,1,263868,662,461,1859,0727,0
328862,6,1,819025,1577,461,1859,0727,0
328862,6,1,920806,662,461,1859,0727,0
328862,6,1,428643,662,461,1859,0727,0
328862,6,1,348356,662,461,1859,0727,0
328862,6,1,73392,662,461,1859,0727,0
328862,6,1,1014024,662,461,1859,0727,0
328862,6,1,629649,662,461,1859,0727,0
328862,6,1,629649,662,461,1859,0727,0
328862,6,1,274189,662,461,1859,0727,0
328862,6,1,428643,662,461,1859,0727,0
328862,6,1,971563,1467,1003,2593,1026,0
328862,6,1,971563,1467,1003,2593,1026,0
328862,6,1,294555,267,1867,3243,1026,0
328862,6,1,506491,389,1138,4104,1102,0
328862,6,1,636524,1591,1138,4104,0823,0
328862,6,1,972269,154,1138,4104,0823,0
328862,6,1,162308,387,1138,4104,0823,0
328862,6,1,702304,821,1138,4104,0823,0
328862,6,1,482931,1591,1138,4104,0823,0
328862,6,1,702304,821,1138,4104,0823,2
328862,6,1,401830,1397,1138,4104,0820,0
328862,6,1,866829,662,1138,4104,0820,0
328862,6,1,257104,1397,1138,4104,0820,0
328862,6,1,741932,387,1138,4104,0820,0
328862,6,1,362266,1577,2412,4801,0601,0
328862,6,1,787310,895,3948,735,0927,0
328862,6,1,469250,407,4109,511,0708,0
328862,6,1,1094497,407,4109,511,0708,0
328862,6,1,1094497,407,4109,511,0708,2
328862,6,1,711042,1095,2412,4801,0708,0
328862,6,1,805378,407,4109,511,0708,0
328862,6,1,896716,407,4109,511,0708,0
328862,6,1,1094497,407,4109,511,0708,0
328862,6,1,406349,1280,2700,5476,1111,0
328862,6,1,406349,1280,2700,5476,1111,0
328862,6,1,807126,1181,1963,6109,1111,0
328862,6,1,406349,1280,2700,5476,1111,2
328862,6,1,406349,1280,2700,5476,1111,0
328862,6,1,406349,1280,2700,5476,1111,0
328862,6,1,1094497,407,4109,511,0708,0
328862,6,1,675927,407,4109,511,0708,0
328862,6,1,43799,407,4109,511,0708,0
328862,6,1,896776,407,4109,511,0708,0
328862,6,1,731269,833,2217,3012,0708,0
328862,6,1,941328,1397,4688,4623,0625,0
328862,6,1,406349,1280,2700,5476,1111,0
328862,6,1,406349,1280,2700,5476,1111,0
328862,6,1,406349,1280,2700,5476,1111,0
328862,6,1,443739,138,4877,1954,1012,0
328862,6,1,556215,821,3925,2031,0721,0
328862,6,1,476545,1326,2479,5553,0712,0
328862,6,1,376294,1326,2479,5553,0712,0
328862,6,1,601596,737,2479,5553,0712,0
328862,6,1,633173,737,2479,5553,0712,0
328862,6,1,621602,737,2479,5553,0712,0
328862,6,1,376294,1326,2479,5553,0712,0
328862,6,1,376294,1326,2479,5553,0712,0
328862,6,1,839044,1326,2479,5553,0712,0
328862,6,1,376294,1326,2479,5553,0712,0
328862,6,1,376294,1326,2479,5553,0712,0
328862,6,1,514704,407,4109,511,0708,0
328862,6,1,514704,407,4109,511,0708,0
328862,6,1,469250,407,4109,511,0708,0
328862,6,1,514704,407,4109,511,0708,2
328862,6,1,206882,387,3354,883,0601,0
328862,6,1,587603,821,2412,4801,0601,0
328862,6,1,132892,1095,2412,4801,0601,0
328862,6,1,745630,1604,3354,883,0601,0
328862,6,1,156921,387,3354,883,0601,0
328862,6,1,276320,821,3354,883,0601,0
328862,6,1,468087,387,1138,4104,0820,0
328862,6,1,505977,154,1138,4104,0820,0
328862,6,1,105408,821,1138,4104,0820,0
328862,6,1,682964,154,1138,4104,0820,0
328862,6,1,669851,387,1138,4104,0820,0
328862,6,1,34034,1591,1138,4104,0820,0
328862,6,1,431931,154,1138,4104,0820,0
328862,6,1,745,1577,1138,4104,0820,0
328862,6,1,679759,387,1138,4104,0820,0
328862,6,1,706347,387,1138,4104,0820,0
328862,6,1,449288,154,1138,4104,0820,0
328862,6,1,338981,154,1138,4104,0820,0
328862,6,1,639055,1397,1138,4104,0820,0
328862,6,1,1079313,662,1138,4104,0820,0
328862,6,1,669851,387,1138,4104,0820,0
328862,6,1,33262,602,420,4953,0826,0
328862,6,1,698318,737,3459,2683,1022,2
328862,6,1,698318,737,3459,2683,1022,0
328862,6,1,949741,1591,1138,4104,0810,0
328862,6,1,305902,821,461,1859,0810,0
328862,6,1,706347,387,1138,4104,0810,0
328862,6,1,1021984,1525,2667,4926,0810,0
328862,6,1,1021984,1525,2667,4926,0810,2
328862,6,1,1021984,1525,2667,4926,0810,0
328862,6,1,468087,387,1138,4104,0810,0
328862,6,1,151921,387,1138,4104,0810,0
328862,6,1,265454,662,461,1859,0810,0
328862,6,1,1021984,1525,2667,4926,0810,0
328862,6,1,326321,1326,3459,2683,1022,0
328862,6,1,698318,737,3459,2683,1022,0
328862,6,1,698318,737,3459,2683,1022,0
328862,6,1,326321,1326,3459,2683,1022,2
328862,6,1,326321,1326,3459,2683,1022,0
328862,6,1,698318,737,3459,2683,1022,0
328862,6,1,326321,1326,3459,2683,1022,0
328862,6,1,676090,119,4043,7178,0611,0
328862,6,1,676090,119,4043,7178,0611,0
328862,6,1,161902,662,1102,1214,0611,0
328862,6,1,676090,119,4043,7178,0611,2
328862,6,1,1037674,1238,1102,1214,0611,0
328862,6,1,745558,387,1138,4104,0810,0
328862,6,1,669851,387,1138,4104,0810,0
328862,6,1,698318,737,3459,2683,1022,0
328862,6,1,698318,737,3459,2683,1022,0
328862,6,1,326321,1326,3459,2683,1022,0
328862,6,1,567850,737,3459,2683,1022,0
328862,6,1,685024,845,2667,1962,0810,2
328862,6,1,119898,602,420,4953,0826,0
328862,6,1,819507,602,420,4953,0826,0
328862,6,1,702304,821,1138,4104,0826,0
328862,6,1,958644,1095,3828,1446,0728,0
328862,6,1,408039,821,1138,4104,0728,0
328862,6,1,189490,662,3828,1446,0728,0
328862,6,1,697491,662,3828,1446,0728,0
328862,6,1,92347,662,465,1797,0728,0
328862,6,1,296809,662,3828,1446,0728,0
328862,6,1,679003,821,3828,1446,0728,0
328862,6,1,372369,1397,3828,1446,0728,0
328862,6,1,372369,1397,3828,1446,0728,0
328862,6,1,482931,1591,1138,4104,0728,0
328862,6,1,733181,662,1138,4104,0728,0
328862,6,1,1002584,302,3828,1446,0728,0
328862,6,1,108287,1271,437,801,0528,0
328862,6,1,256805,664,789,1552,1007,0
328862,6,1,530611,1271,4257,6742,0528,0
328862,6,1,992655,1467,623,7047,0528,0
328862,6,1,906495,1271,3950,4052,0528,0
328862,6,1,455221,1271,437,801,0528,0
328862,6,1,693014,1188,3679,8461,0621,0
328862,6,1,1077249,1505,944,7370,0621,0
328862,6,1,693014,1188,3679,8461,0621,0
328862,6,1,693014,1188,3679,8461,0621,0
328862,6,1,693014,1188,3679,8461,0621,2
328862,6,1,693014,1188,3679,8461,0621,0
328862,6,1,831881,36,3112,809,0621,0
328862,6,1,693014,1188,3679,8461,0621,0
328862,6,1,1084285,1188,1687,6296,0621,0
328862,6,1,693014,1188,3679,8461,0621,0
328862,6,1,693014,1188,3679,8461,0621,0
328862,6,1,831881,36,3112,809,0621,2
328862,6,1,693014,1188,3679,8461,0621,0
328862,6,1,693014,1188,3679,8461,0621,0
328862,6,1,693014,1188,3679,8461,0621,0
328862,6,1,249435,1188,3679,8461,0621,0
328862,6,1,472412,985,1688,1039,0812,0
328862,6,1,696448,464,3373,5148,0525,0
328862,6,1,985000,464,1742,7885,0525,0
328862,6,1,845746,464,1742,7885,0525,2
328862,6,1,942560,464,3373,5148,0525,0
328862,6,1,226057,464,3373,5148,0525,0
328862,6,1,845746,464,1742,7885,0525,0
328862,6,1,637637,662,3828,1446,0728,0
328862,6,1,477050,662,1138,4104,0728,0
328862,6,1,696163,1095,3828,1446,0728,0
328862,6,1,81302,302,3828,1446,0728,0
328862,6,1,554034,662,3828,1446,0728,0
328862,6,1,881947,662,1138,4104,0728,0
328862,6,1,482931,1591,1138,4104,0728,0
328862,6,1,638263,1397,3828,1446,0728,0
328862,6,1,548082,821,3828,1446,0728,0
328862,6,1,671405,662,3828,1446,0728,0
328862,6,1,123379,1095,1138,4104,0728,0
328862,6,1,482931,1591,1138,4104,0728,0
328862,6,1,542325,662,3828,1446,0728,0
328862,6,1,451956,662,3828,1446,0728,0
328862,6,1,381779,1577,1138,4104,0728,0
328862,6,1,502970,1591,1138,4104,0728,0
328862,6,1,665481,1397,3828,1446,0728,0
328862,6,1,599521,1505,3828,1446,0728,0
328862,6,1,451956,662,3828,1446,0728,0
328862,6,1,712156,662,3828,1446,0728,0
328862,6,1,542806,1397,3828,1446,0728,0
328862,6,1,694607,662,3828,1446,0728,0
328862,6,1,608402,1397,3828,1446,0728,0
328862,6,1,866433,662,3828,1446,0728,0
328862,6,1,172030,662,1138,4104,0728,0
328862,6,1,294878,821,3828,1446,0728,0
328862,6,1,694607,662,3828,1446,0728,0
328862,6,1,406459,662,3828,1446,0728,0
328862,6,1,913584,1505,3828,1446,0728,0
328862,6,1,592310,821,1138,4104,0728,0
328862,6,1,986603,302,3828,1446,0728,0
328862,6,1,1002584,302,3828,1446,0728,0
328862,6,1,1097257,384,3828,1446,0728,0
328862,6,1,516503,662,1138,4104,0728,0
328862,6,1,296339,1397,1138,4104,0728,0
328862,6,1,845303,302,3828,1446,0728,0
328862,6,1,952255,662,1138,4104,0728,0
328862,6,1,593557,1397,3828,1446,0728,0
328862,6,1,694607,662,3828,1446,0728,0
328862,6,1,841339,662,1138,4104,0728,0
328862,6,1,622867,1095,3828,1446,0728,0
328862,6,1,636524,1591,1138,4104,0728,0
328862,6,1,451956,662,3828,1446,0728,0
328862,6,1,1002584,302,3828,1446,0728,0
328862,6,1,983806,662,1138,4104,0728,0
328862,6,1,142745,662,1138,4104,0728,0
328862,6,1,218097,662,3354,883,0728,0
328862,6,1,1076388,662,3828,1446,0728,0
328862,6,1,938558,662,1138,4104,0728,0
328862,6,1,234418,464,3373,5148,0525,0
328862,6,1,316274,464,3373,5148,0525,0
328862,6,1,234418,464,3373,5148,0525,0
328862,6,1,335216,464,3373,5148,0525,0
328862,6,1,335216,464,3373,5148,0525,0
328862,6,1,224761,464,3373,5148,0525,0
328862,6,1,99625,464,3373,5148,0525,0
328862,6,1,172370,464,3373,5148,0525,0
328862,6,1,224761,464,3373,5148,0525,0
328862,6,1,316274,464,3373,5148,0525,0
328862,6,1,897293,1397,3828,1446,0728,0
328862,6,1,408039,821,1138,4104,0728,0
328862,6,1,723943,821,3828,1446,0728,0
328862,6,1,743770,1397,3828,1446,0728,0
328862,6,1,746692,662,3354,883,0728,0
328862,6,1,636178,662,2159,8249,0728,0
328862,6,1,611865,387,1138,4104,0728,0
328862,6,1,1002584,302,3828,1446,0728,0
328862,6,1,632777,662,3828,1446,0728,0
328862,6,1,977039,662,3828,1446,0728,0
328862,6,1,625386,1397,3828,1446,0728,0
328862,6,1,632777,662,3828,1446,0728,0
328862,6,1,853549,1591,1138,4104,0728,0
328862,6,1,825551,154,1138,4104,0728,0
328862,6,1,408039,821,1138,4104,0728,2
328862,6,1,555540,662,3828,1446,0728,0
328862,6,1,841339,662,1138,4104,0728,0
328862,6,1,456203,662,3828,1446,0728,0
328862,6,1,853549,1591,1138,4104,0728,2
328862,6,1,437487,662,4094,7749,0728,0
328862,6,1,289003,1591,1138,4104,0728,0
328862,6,1,482931,1591,1138,4104,0728,0
328862,6,1,18691,384,3828,1446,0728,0
328862,6,1,865959,384,3828,1446,0728,0
328862,6,1,811554,1397,3828,1446,0728,0
328862,6,1,950272,1397,3828,1446,0728,0
328862,6,1,694607,662,3828,1446,0728,0
328862,6,1,456185,1397,3828,1446,0728,0
328862,6,1,983806,662,1138,4104,0728,0
328862,6,1,632777,662,3828,1446,0728,0
328862,6,1,1017477,662,3828,1446,0728,0
328862,6,1,816917,821,1138,4104,0728,0
328862,6,1,881947,662,1138,4104,0728,0
328862,6,1,865959,384,3828,1446,0728,0
328862,6,1,548082,821,3828,1446,0728,0
328862,6,1,1002584,302,3828,1446,0728,2
328862,6,1,881947,662,1138,4104,0728,2
328862,6,1,636510,1095,3828,1446,0728,0
328862,6,1,49656,1397,3828,1446,0728,0
328862,6,1,698690,1505,3828,1446,0728,0
328862,6,1,591185,1397,1138,4104,0728,0
328862,6,1,741068,1397,3828,1446,0728,0
328862,6,1,209591,821,1138,4104,0728,0
328862,6,1,694607,662,3828,1446,0728,0
328862,6,1,127649,1397,3828,1446,0728,0
328862,6,1,515018,1505,3828,1446,0728,0
328862,6,1,1021957,154,1138,4104,0728,0
328862,6,1,881947,662,1138,4104,0728,0
328862,6,1,190238,302,3828,1446,0728,0
328862,6,1,853549,1591,1138,4104,0728,0
328862,6,1,671405,662,3828,1446,0728,0
328862,6,1,482931,1591,1138,4104,0728,2
328862,6,1,611865,387,1138,4104,0728,0
328862,6,1,296339,1397,1138,4104,0728,0
328862,6,1,924526,1141,2186,5367,1028,0
328862,6,1,642126,1271,173,4509,0605,0
328862,6,1,879690,1577,4173,5376,0605,0
328862,6,1,785616,302,4173,5376,0605,0
328862,6,1,799087,833,173,4509,0605,0
328862,6,1,786414,1397,4173,5376,0605,0
328862,6,1,1099129,1271,2882,2661,0829,0
234512,5,0,146770,1173,693,3186,0625,0
234512,5,0,1106076,992,3783,8165,1016,0
234512,5,0,866567,1198,693,3186,0625,0
234512,5,0,146770,1173,693,3186,0625,2
234512,5,0,146770,1173,693,3186,0625,0
234512,5,0,146770,1173,693,3186,0625,0
234512,5,0,146770,1173,693,3186,0625,0
234512,5,0,146770,1173,693,3186,0625,0
234512,5,0,437874,1208,422,2276,1108,0
234512,5,0,399860,962,305,6300,1111,0
234512,5,0,240182,81,3018,4144,1111,2
234512,5,0,137298,1432,3271,6957,1111,2
234512,5,0,245026,389,830,6866,1111,0
234512,5,0,179830,1208,546,2276,1111,2
234512,5,0,817066,1611,2468,1392,1111,0
234512,5,0,826863,737,82,2971,0616,0
234512,5,0,671367,737,556,4252,0616,0
234512,5,0,175377,737,1595,5800,0616,0
234512,5,0,1106076,992,3783,8165,1015,2
234512,5,0,568730,420,2468,1392,1111,0
234512,5,0,34570,1611,2468,1392,1111,0
234512,5,0,137298,1432,3271,6957,1111,0
234512,5,0,719701,389,4655,3157,1111,0
234512,5,0,137298,1432,3271,6957,1111,0
234512,5,0,1106076,992,3783,8165,1015,0
234512,5,0,944554,1432,323,320,1111,0
234512,5,0,524779,389,4655,3157,1111,0
234512,5,0,240182,81,3018,4580,1111,0
234512,5,0,944554,1432,323,320,1111,3
234512,5,0,585039,825,800,6326,1111,0
234512,5,0,1040938,1603,3271,6957,1111,0
234512,5,0,137298,1432,3271,6957,1111,0
234512,5,0,585039,825,800,6326,1111,0
234512,5,0,240182,81,3018,4580,1111,0
234512,5,0,910962,1023,2468,1392,1111,0
234512,5,0,1106076,992,3783,8165,1017,0
234512,5,0,601567,1553,4475,3174,1017,0
234512,5,0,1106076,992,3783,8165,1017,0
234512,5,0,601567,1553,4475,3174,1017,0
234512,5,0,1106076,992,3783,8165,1101,0
234512,5,0,1106076,992,3783,8165,1021,0
234512,5,0,585039,825,800,6326,1110,2
234512,5,0,585039,825,800,6326,1110,0
234512,5,0,437874,1208,422,2276,1110,0
234512,5,0,509193,276,1418,7141,1110,0
234512,5,0,572372,825,800,6326,1110,0
234512,5,0,758374,1129,3205,2270,1109,0
234512,5,0,953427,1280,1766,1297,1109,0
234512,5,0,585039,825,800,6326,1110,3
234512,5,0,585039,825,800,6326,1110,0
234512,5,0,585039,825,800,6326,1110,0
234512,5,0,233274,825,800,6326,1110,0
234512,5,0,585039,825,800,6326,1110,0
234512,5,0,311814,1129,1291,4859,1110,0
234512,5,0,585039,825,800,6326,1110,2
234512,5,0,1072981,1173,272,3186,0625,0
356311,5,0,422447,1577,2213,6946,1030,0
356311,5,0,492131,1389,2213,6946,1030,0
356311,5,0,105072,1577,2213,6946,1030,0
356311,5,0,324807,1577,2213,6946,1030,0
356311,5,0,954063,1577,2213,6946,1030,0
356311,5,0,1099295,1129,2213,6946,1030,0
356311,5,0,444899,656,2916,5892,1030,0
356311,5,0,596926,656,2916,5892,1030,0
356311,5,0,1035681,656,2916,5892,1030,0
356311,5,0,770775,1172,2425,3542,0917,0
356311,5,0,708413,1172,2425,3542,0917,0
356311,5,0,770775,1172,2425,3542,0917,0
356311,5,0,518537,1238,3760,3738,0917,0
356311,5,0,117672,1172,2425,3542,0917,0
356311,5,0,873338,1172,1040,4916,0917,0
356311,5,0,873338,1172,1040,4916,0917,0
356311,5,0,612799,1172,2425,3542,0917,0
356311,5,0,272550,1172,2425,3542,0917,0
356311,5,0,117672,1172,2425,3542,0917,0
356311,5,0,1065663,1172,2425,3542,0917,0
356311,5,0,819981,1431,4707,1176,0905,0
356311,5,0,427727,1577,2213,6946,1030,0
356311,5,0,95474,1505,1221,7734,0609,0
356311,5,0,238391,1095,1151,6536,0613,0
356311,5,0,293659,1577,331,4094,0609,0