86,43	3
5,36	1
16,58	2
66,47	3
20,37	1
89,27	3
56,68	3
21,42	1
96,22	3
72,80	3
99,10	3
20,74	2
59,19	1
70,23	3
81,86	3
53,14	1
72,60	3
2,80	2
10,77	2
81,76	3
44,86	2
3,58	2
7,32	1
89,6	3
61,50	3
31,74	2
96,47	3
100,60	3
96,66	3
0,82	2
17,1	1
2,43	1
8,80	2
15,62	2
81,28	3
45,78	2
48,42	1
61,82	3
24,33	1
23,39	1
37,20	1
99,54	3
5,76	2
45,74	2
87,75	3
61,36	3
46,94	2
58,74	3
73,93	3
37,53	1
41,25	1
88,98	3
79,43	3
19,44	1
60,68	3
93,46	3
76,94	3
20,47	1
17,70	2
55,22	1
12,43	1
100,87	3
5,42	1
54,67	3
13,93	2
61,37	3
99,52	3
6,18	1
23,15	1
93,47	3
70,12	3
49,40	1
42,82	2
85,74	3
93,3	3
2,44	1
39,29	1
29,60	2
13,68	2
62,69	3
37,17	1
83,33	3
7,86	2
80,99	3
7,83	2
74,35	3
75,7	3
41,57	1
20,97	2
57,93	2
23,95	2
57,74	3
37,78	2
55,98	2
34,30	1
23,38	1
38,31	1
43,54	1
39,54	1
6,73	2
