4044	393262
3760	364155
184	357210
3828	350194
1102	320094
4173	306539
3698	258464
1393	232599
3491	225791
606	180538
4976	167953
3677	166392
4752	130296
1	114007
173	112863
4094	107489
420	104548
4798	100892
4282	100073
2813	96779
1663	95083
4257	93475
1043	91930
375	88901
4845	86491
3213	85416
4847	83589
1503	82038
798	81172
1257	77266
3734	77160
141	76968
4218	76402
2468	76132
1595	72623
1892	72290
2206	72232
461	71900
2823	71393
1480	69101
598	67703
2385	67460
2676	66461
4760	65165
1272	63258
4924	62286
2781	62263
2371	62111
4945	62012
2336	60842
158	60774
4918	60436
644	59701
1890	59655
4538	58845
643	57020
2223	56663
3183	55865
2418	55687
4127	54611
1501	53381
422	52915
1760	52780
1535	52315
4404	50896
1138	50816
3315	49437
3955	49011
3295	48494
2246	48402
416	48183
3659	47976
4644	47680
1699	47218
3663	46655
3449	46481
2617	46235
3678	45734
628	45528
1340	44840
801	44313
3859	44070
331	43916
1861	43760
28	43579
830	43474
3925	42944
1087	42839
1487	42351
2677	42329
4043	42092
437	42023
2545	41624
1188	41584
2412	41121
4766	40281
3556	40244
1967	40120
1815	40022
232	39904
