86,43	1
5,36	2
16,58	3
66,47	1
20,37	2
89,27	1
56,68	1
21,42	2
96,22	1
72,80	1
99,10	1
20,74	3
59,19	2
70,23	1
81,86	1
53,14	2
72,60	1
2,80	3
10,77	3
81,76	1
44,86	3
3,58	3
7,32	2
89,6	1
61,50	1
31,74	3
96,47	1
100,60	1
96,66	1
0,82	3
17,1	2
2,43	2
8,80	3
15,62	3
81,28	1
45,78	3
48,42	2
61,82	1
24,33	2
23,39	2
37,20	2
99,54	1
5,76	3
45,74	3
87,75	1
61,36	1
46,94	3
58,74	1
73,93	1
37,53	2
41,25	2
88,98	1
79,43	1
19,44	2
60,68	1
93,46	1
76,94	1
20,47	2
17,70	3
55,22	2
12,43	2
100,87	1
5,42	2
54,67	1
13,93	3
61,37	1
99,52	1
6,18	2
23,15	2
93,47	1
70,12	2
49,40	2
42,82	3
85,74	1
93,3	1
2,44	2
39,29	2
29,60	3
13,68	3
62,69	1
37,17	2
83,33	1
7,86	3
80,99	1
7,83	3
74,35	1
75,7	1
41,57	2
20,97	3
57,93	3
23,95	3
57,74	1
37,78	3
55,98	3
34,30	2
23,38	2
38,31	2
43,54	2
39,54	2
6,73	3
