0,1
4044,34824
3760,32372
3828,31349
1102,28254
4173,25721
1393,23086
3698,22411
3491,19479
4976,17395
606,15663
173,12044
3677,10932
2385,10757
4752,10729
1480,10490
1,10464
1663,9912
798,9900
1257,9792
4945,9667
4538,9281
1043,9266
3734,8902
4760,8624
1892,8534
184,8368
141,8330
4094,8264
4160,8230
4798,8138
420,8108
4218,8104
4644,8104
3663,7962
4282,7931
4257,7903
1535,7864
1861,7838
4043,7701
2206,7493
375,7212
4918,7154
3955,7123
4847,7101
422,7009
2418,7004
2813,6877
598,6855
1760,6852
3859,6815
3213,6677
4845,6648
3139,6626
2482,6607
2223,6525
962,6516
1340,6439
2823,6390
1200,6368
3460,6335
2676,6321
4605,6299
2387,6220
2468,6147
474,6109
4127,6098
2781,5841
644,5725
801,5622
1272,5606
1890,5592
2537,5581
4766,5562
1501,5509
2617,5489
643,5447
2217,5372
461,5342
3556,5338
2336,5299
4924,5117
3659,5107
4404,4998
2138,4981
467,4967
416,4926
361,4912
4287,4850
4048,4841
4659,4762
2959,4753
2677,4683
1364,4681
2591,4677
3623,4620
1699,4613
3073,4583
742,4520
2031,4516
1783,4487
