86,43	1
5,36	4
16,58	2
66,47	1
20,37	4
89,27	1
56,68	3
21,42	4
96,22	1
72,80	3
99,10	1
20,74	2
59,19	1
70,23	1
81,86	3
53,14	4
72,60	3
2,80	2
10,77	2
81,76	3
44,86	3
3,58	2
7,32	4
89,6	1
61,50	1
31,74	2
96,47	1
100,60	1
96,66	3
0,82	2
17,1	4
2,43	4
8,80	2
15,62	2
81,28	1
45,78	3
48,42	4
61,82	3
24,33	4
23,39	4
37,20	4
99,54	1
5,76	2
45,74	3
87,75	3
61,36	1
46,94	3
58,74	3
73,93	3
37,53	4
41,25	4
88,98	3
79,43	1
19,44	4
60,68	3
93,46	1
76,94	3
20,47	4
17,70	2
55,22	4
12,43	4
100,87	3
5,42	4
54,67	3
13,93	2
61,37	1
99,52	1
6,18	4
23,15	4
93,47	1
70,12	1
49,40	4
42,82	3
85,74	3
93,3	1
2,44	4
39,29	4
29,60	2
13,68	2
62,69	3
37,17	4
83,33	1
7,86	2
80,99	3
7,83	2
74,35	1
75,7	1
41,57	4
20,97	2
57,93	3
23,95	2
57,74	3
37,78	2
55,98	3
34,30	4
23,38	4
38,31	4
43,54	4
39,54	4
6,73	2
