86,43	4
5,36	2
16,58	1
66,47	4
20,37	2
89,27	4
56,68	3
21,42	2
96,22	4
72,80	3
99,10	4
20,74	1
59,19	4
70,23	4
81,86	3
53,14	2
72,60	3
2,80	1
10,77	1
81,76	3
44,86	3
3,58	1
7,32	2
89,6	4
61,50	4
31,74	1
96,47	4
100,60	4
96,66	4
0,82	1
17,1	2
2,43	2
8,80	1
15,62	1
81,28	4
45,78	3
48,42	2
61,82	3
24,33	2
23,39	2
37,20	2
99,54	4
5,76	1
45,74	3
87,75	3
61,36	4
46,94	3
58,74	3
73,93	3
37,53	2
41,25	2
88,98	3
79,43	4
19,44	2
60,68	3
93,46	4
76,94	3
20,47	2
17,70	1
55,22	4
12,43	2
100,87	3
5,42	2
54,67	3
13,93	1
61,37	4
99,52	4
6,18	2
23,15	2
93,47	4
70,12	4
49,40	2
42,82	3
85,74	3
93,3	4
2,44	2
39,29	2
29,60	1
13,68	1
62,69	3
37,17	2
83,33	4
7,86	1
80,99	3
7,83	1
74,35	4
75,7	4
41,57	2
20,97	1
57,93	3
23,95	1
57,74	3
37,78	1
55,98	3
34,30	2
23,38	2
38,31	2
43,54	2
39,54	2
6,73	1
