-1.82384621,-2.12637373	3
-1.98148426,-1.75842718	3
-1.98088021,-0.88762366	3
-1.26435815,-0.81901723	3
-1.76966486,-1.66183931	3
-1.53704722,-2.26576491	3
-1.91880659,-1.66369768	3
-1.09857415,-0.95979789	3
-0.79301622,-1.17477833	3
-1.20090376,-1.26282023	3
-2.19189608,-2.08088640	3
-1.50110829,-1.28447600	3
-1.24612514,-1.39505557	3
-1.78217413,-1.26471821	3
-1.39573525,-1.18955993	3
-1.86317067,-1.20029195	3
-0.98927850,-2.13842740	3
-1.48407930,-1.43783842	3
-1.24904013,-1.26680932	3
-1.91516140,-1.94133597	3
-1.63794780,-2.12206600	3
-1.51818769,-1.35361340	3
-1.63935209,-0.99578256	3
-1.34888478,-1.49785714	3
-2.09217591,-1.97185452	3
-1.76462280,-0.67468970	3
-1.46548816,-1.94957217	3
-1.79517716,-1.32326496	3
-1.85758072,-0.56408256	3
-0.83922560,-1.03403948	3
-1.96775212,-1.40500981	3
-2.07839333,-1.52983688	3
-1.69639294,-1.26420683	3
-1.53044312,-1.06141949	3
-1.75619411,-1.85586808	3
-0.87555143,-1.55894155	3
-1.03799500,-1.12221519	3
-1.73080961,-1.67966314	3
-2.23033357,-1.26421847	3
-2.24970961,-1.94326766	3
-1.05540814,-1.91974067	3
-1.15497412,-1.53809782	3
-1.03613574,-0.70531716	3
-0.78641948,-1.54930227	3
-1.83938128,-2.37684011	3
-1.42653992,-1.80429999	3
-1.94969139,-0.65950728	3
-1.53624391,-1.91240780	3
-1.33846401,-1.37306052	3
-0.50273557,-1.59619688	3
-0.96650575,-2.31393766	3
-0.86253461,-1.68358122	3
-1.80490397,-1.55011092	3
-1.57476562,-1.56025545	3
-1.83356202,-1.36998414	3
-1.43166248,-1.05925028	3
-1.12900478,-1.03400216	3
-1.41195196,-1.72783720	3
-1.37426207,-1.88454004	3
-1.29743908,-1.30644039	3
-1.84726151,-1.74789318	3
-1.42363058,-2.21906149	3
-1.53719707,-1.04922454	3
-1.32355076,-1.16878091	3
-0.92056302,-1.58904423	3
-2.25568979,-1.65773684	3
-1.84606500,-2.40870807	3
-2.06620118,-1.57037318	3
-1.78179588,-2.35273153	3
-1.93525884,-1.39324516	3
-1.74026237,-0.89896087	3
-1.78004945,-1.54850511	3
-1.77633640,-1.47706691	3
-0.81986013,-1.36760455	3
-1.28586896,-1.43118157	3
-1.62346668,-1.91863428	3
-1.08154695,-1.45300356	3
-1.57488630,-0.78238474	3
-1.35524024,-0.59045142	3
-1.73881858,-1.65982175	3
-1.42821808,-1.00798514	3
-0.32819871,-1.52054049	3
-1.17174230,-1.92034095	3
-1.27500060,-1.23993831	3
-2.14101016,-1.84398870	3
-1.77013864,-1.74096678	3
-1.22312330,-2.28567767	3
-1.91435948,-2.13052999	3
-1.38602960,-2.06612328	3
-1.22272944,-0.97478258	3
-0.83612006,-0.68218774	3
-1.48259577,-1.49732637	3
-1.35662085,-1.30877024	3
-1.80483189,-1.88181278	3
-1.54710845,-0.73769986	3
-0.89807023,-1.66137062	3
-1.73684204,-1.71141959	3
-1.46176801,-0.66534222	3
-1.49376316,-1.19618113	3
-1.75322227,-1.56740224	3
1.63444740,1.36696288	1
1.79026769,0.80020422	1
1.08847565,1.36485415	1
1.88893404,1.47818857	1
1.29900943,1.43051786	1
2.59663080,1.78949428	1
1.27339782,1.97950217	1
1.33435199,1.66454810	1
1.62934074,0.60233807	1
1.17509702,2.17694055	1
1.95950012,0.86077093	1
1.09247014,1.91039204	1
1.31604632,0.66550710	1
2.35818151,1.83712437	1
1.48840450,2.08409185	1
1.30288905,2.09101391	1
0.38756307,0.94381825	1
0.98945527,1.73728276	1
1.91274967,1.23610896	1
1.89650930,1.39562763	1
1.77462552,1.94771499	1
1.62044516,2.09395219	1
1.17150265,0.72409956	1
2.13830531,1.08921925	1
1.65947454,1.56159876	1
1.37799901,1.61121432	1
1.94207756,0.62477271	1
1.42676891,0.62121495	1
1.04794218,1.24416090	1
1.30422455,0.51857178	1
1.95352307,1.83829242	1
1.25019155,1.47763103	1
1.74692906,2.02246043	1
0.64007368,2.57613467	1
1.99433242,2.02961649	1
2.08295180,2.51590638	1
1.06965369,1.55346240	1
1.60337433,1.70863827	1
1.50822285,1.34902757	1
1.36739598,2.21613672	1
1.74079104,1.14860417	1
1.41934780,0.89117421	1
1.25815332,1.28680293	1
1.32172251,1.73031530	1
2.21421924,1.48379775	1
1.23781333,1.48771962	1
0.63634326,0.96375809	1
1.54932332,1.58975963	1
1.66876653,1.63789439	1
1.19799744,0.96411588	1
1.42211927,2.09922639	1
1.05221281,1.18546881	1
0.07848960,0.74347315	1
1.15529321,1.80425476	1
2.03358182,1.76606489	1
1.13652161,1.61410078	1
1.83831439,0.76304106	1
1.81058823,0.64919892	1
0.70185882,1.99777797	1
1.41163320,1.38539308	1
0.37476640,0.77445682	1
1.71803657,0.98803187	1
1.74320568,1.07210741	1
1.57057206,1.96284059	1
1.66501336,1.30195087	1
1.78968303,1.49520396	1
1.54927641,1.30149722	1
1.60610399,1.14942524	1
1.01221767,1.47095681	1
1.74468874,1.88254637	1
1.44425107,1.31532579	1
1.63024041,0.50475285	1
1.04452282,1.33401703	1
2.39617073,1.30395381	1
2.13673326,1.83044778	1
0.98994280,1.83554020	1
1.42866074,1.87058468	1
0.45229424,1.66092405	1
1.33278587,1.45979200	1
2.09209124,1.63785853	1
1.23482825,1.92064099	1
1.76016432,1.72838485	1
1.75186502,0.66850767	1
0.87863492,2.28566533	1
2.32547655,2.04928871	1
1.73497234,1.49755998	1
1.71985317,1.44356926	1
1.77471867,1.80406680	1
1.48292313,1.90004231	1
1.35704719,2.15275026	1
0.69362963,1.35242777	1
2.40261182,1.44538002	1
2.21563652,0.62705032	1
1.51052059,0.77313460	1
1.19082824,1.62545160	1
1.60340943,0.90398785	1
0.75124609,1.21731715	1
1.23874550,1.12451618	1
0.42439996,0.89358305	1
1.77746174,1.67681506	1
-1.44648312,2.77362003	2
-0.78897371,2.06693332	2
-1.00582804,0.97189887	2
-2.11207862,1.03152990	2
-1.05318021,1.70261676	2
-1.66851492,1.59769466	2
-1.41926913,1.99841269	2
-1.68637558,1.76276995	2
-1.45159917,1.48727059	2
-1.33922468,1.29218421	2
-1.70236133,2.12515202	2
-2.00413125,2.44268370	2
-2.27680551,2.20128189	2
-1.40044878,0.73661719	2
-1.50169022,1.59110794	2
-1.69592248,0.98026018	2
-1.55773425,1.29354953	2
-1.52059159,1.96621357	2
-1.52076697,1.02823644	2
-1.57428837,2.44583280	2
-2.12012345,2.08162711	2
-1.52053299,1.60863018	2
-1.46884433,1.57624992	2
-1.46807103,1.43527980	2
-1.55134467,1.93946654	2
-2.21712599,1.66777713	2
-1.79912478,1.06118501	2
-1.33435628,1.02878534	2
-1.28321624,1.82312712	2
-1.58890489,0.77079808	2
-1.70505005,0.83009574	2
-0.90387969,1.71064634	2
-1.25290830,0.83368528	2
-1.36787849,1.78600982	2
-1.34404143,2.01743833	2
-2.00405431,1.42770361	2
-1.69435855,1.82967223	2
-1.41311088,1.44506773	2
-1.44810832,1.32491063	2
-1.30949675,1.78662657	2
-1.07890621,1.03899131	2
-1.56753603,1.48111718	2
-1.05547132,0.71801012	2
-0.66049548,1.58730864	2
-1.54259020,1.10308354	2
-1.28197128,1.74027724	2
-1.24200917,2.11545527	2
-1.13578940,1.29179749	2
-1.49850375,1.99189464	2
-1.69756776,1.46281977	2
-2.13818506,0.85565707	2
-1.36055112,1.09520819	2
-2.06482371,1.82725529	2
-1.53003368,1.26931550	2
-1.74685527,0.98373064	2
-1.86832379,1.83302020	2
-1.68088630,1.82540277	2
-1.26470945,1.61885494	2
-1.28738752,0.61731279	2
-2.22449768,1.49908348	2
-2.38079297,2.06066322	2
-0.99301305,0.83723328	2
-1.74448802,0.95653737	2
-1.13416998,2.03401525	2
-1.48612435,0.95804231	2
-1.82813017,1.63558926	2
-0.82628397,1.39373465	2
-2.22247844,1.59642393	2
-1.13681874,1.46041968	2
-1.92016135,1.38095766	2
-1.14613825,1.00227827	2
-2.12651288,2.01741537	2
-1.52124647,1.14808771	2
-1.92114362,1.63240400	2
-1.07463468,1.14615544	2
-1.66097158,1.26304454	2
-1.33021660,1.54234150	2
-1.36657910,1.99523312	2
-1.67337824,0.93526713	2
-1.47252139,1.36791711	2
-2.47399372,1.97144806	2
-1.17243045,2.53678157	2
-1.13366166,1.60662139	2
-1.27718129,0.91447234	2
-2.06786182,1.36780769	2
-1.59164450,1.33326468	2
-1.79497901,1.31970098	2
-1.72449663,1.66618905	2
-1.01558024,1.69315608	2
-1.33748053,1.86975881	2
-2.01446182,1.22182030	2
-1.67465988,1.75518985	2
-2.20003372,1.85396917	2
-1.52431244,1.88443951	2
-1.99194703,2.04017075	2
-1.66512299,1.53041824	2
-1.39410853,2.45463984	2
-1.32274884,1.79488865	2
-1.15361413,1.76827316	2
-1.51775958,1.34129111	2
